
#创建数组的方法

import numpy as np

#array函数
a = ([1,2],[3,4])
a = np.array(a)
'''a=array([[1, 2],
       [3, 4]])'''

#arange函数：指定初始值、终值、步长来创建数组
b = np.arange(0,1,0.1)
'''b=array([0. , 0.1, 0.2, 0.3, 0.4, 0.5, 0.6, 0.7, 0.8, 0.9])'''




#linspace函数：通过指定开始值、终值和元素个数来创建一维数组，可以通过endpoint关键字
#指定是否包括终值，default是包括终值
c = np.linspace(0,1,5)
'''c =  array([0.  , 0.25, 0.5 , 0.75, 1.  ])'''

#fromfunction函数:第一个参数为计算每个数组元素的函数，第二个参数为数组的大小(shape)，
#因为它支持多维数组，所以第二个参数必须是一个序列
#例:中创建一个二维数组表示九九乘法表
def func(i,j):
    return (i+1)*(j+1)
d = np.fromfunction(func,(9,9))
'''
d = array([[ 1.,  2.,  3.,  4.,  5.,  6.,  7.,  8.,  9.],
       [ 2.,  4.,  6.,  8., 10., 12., 14., 16., 18.],
       [ 3.,  6.,  9., 12., 15., 18., 21., 24., 27.],
       [ 4.,  8., 12., 16., 20., 24., 28., 32., 36.],
       [ 5., 10., 15., 20., 25., 30., 35., 40., 45.],
       [ 6., 12., 18., 24., 30., 36., 42., 48., 54.],
       [ 7., 14., 21., 28., 35., 42., 49., 56., 63.],
       [ 8., 16., 24., 32., 40., 48., 56., 64., 72.],
       [ 9., 18., 27., 36., 45., 54., 63., 72., 81.]])
'''

#此外，还可以使用frombuffer, fromstring, fromfile等函数来创建数组，未了解其使用规则


